# Complete fit without B to eta eta data

Guess: [1.19315289 5.57940074 3.5142775  2.03450083 1.75166992 1.07742643
 0.07401533 6.01223249 1.02651025 1.29467364 2.29355079 5.45985943
 0.7078416  1.57255167 0.42408735 2.17809481 4.24813919 1.85997294
 5.23784571 1.14604503 5.77311516],
 
Minimum: [5.660495506450291, 4.715710643625985, 1.2752533116920328, 2.8947717463985243, 
 0.6862846427770823, 1.1856709156790006, 0.21662325521298498, 5.267793840490852, 
 1.4644164675739042e-11, 2.9489754417804375, 3.382626723984749, 5.947409830249331, 
 4.4070021713341125, 7.164749352111119, 11.531841755630493, 2.2843099774221916, 
 1.8243497658162773, 0.7255303648479127, 5.186626996756808, 3.0849028371197043, 
 5.5586148210035455], 
 
Chi2: 55.82317312153743
p-value: 0.00014982012154241098


# Delta S = 1 only without the B to eta eta data
Best Result:
Guess: [6.17839449 0.19356478 0.35740122 0.36936853 5.96694131 2.5954844
 0.73184005 2.49161852 2.98369288 0.2551562  2.30602291 1.15244333
 3.40972102 0.10482993 5.08724933 0.8982973  1.92557006 3.52379405
 4.91746496 3.66680642 0.9711406 ],
Minimum: [13.581306065294502, 9.855287040430152, 8.285339073913976, 41.80662768449617,
 3.3344813293536735, 1.2885517505563318, 0.01119036950557506, 3.194887188675159, 
 2.7188181770146413, 0.029007020816403557, 1.9963525855926778, 0.13909598442049975, 
 6.074149268918572, 11.99934050976591, 3.859006670475429, 8.41263353867147, 
 1.8320731645946355, 2.796166697281439, 4.100910479375791, 0.05872092737239752, 
 0.33548735895705645], 

Chi2: 4.493410726898584
p-value: 0.10574704936304806

# T over C = 0.2 Complete fit:
Best Result:
Guess: [1.28569135 2.58351014 0.9168591  1.30251892 1.16800255 0.19841079
 4.99665711 3.54608858 4.43118232 2.79007412 5.57241649 5.64866524
 0.25680956 2.21982589 1.87287497 3.13294626 2.98162862 2.86630776
 5.80455613], 
 
 Minimum: [8.013364200222409, 2.268896929176714, 1.8340634961779, 
 0.6775012536944038, 1.1949034617547114, 0.2131622801560773, 5.325682123004366, 
 2.2174519708722866, 4.635000272810302, 3.7761034506730238, 6.2029903985489385, 
 4.4632287493086595, 5.366843649205911, 2.8637949294029283, 1.823465798987447, 
 0.6169579160796773, 5.0425657121989955, 5.121398624420417, 5.85536842251885], 

Chi2: 73.31278050533335
p-value: 1.2253542740590434e-06